8C28B068 30303100
00209263 00000032
00000000 40000000
8C28B068 30303200
00209263 00000033
00000000 40000000
8C28B068 30303300
00209263 00000034
00000000 40000000
8C28B068 30303400
00209263 00000035
00000000 40000000
8C28B068 30303500
00209263 00000036
00000000 40000000
8C28B068 30303600
00209263 00000037
00000000 40000000
8C28B068 30303700
00209263 00000038
00000000 40000000
8C28B068 30303800
00209263 00000039
00000000 40000000
8C28B068 30303900
00209263 0000003A
00000000 40000000
8C28B068 30313000
00209263 0000003B
00000000 40000000
8C28B068 30313100
00209263 0000003C
00000000 40000000
8C28B068 30313200
00209263 0000003D
00000000 40000000
8C28B068 30313300
00209263 0000003E
00000000 40000000
8C28B068 30313400
00209263 0000003F
00000000 40000000
8C28B068 30313500
00209263 00000040
00000000 40000000
8C28B068 30313600
00209263 00000041
00000000 40000000
8C28B068 30313700
00209263 00000042
00000000 40000000
8C28B068 30313800
00209263 00000043
00000000 40000000
8C28B068 30313900
00209263 00000044
00000000 40000000
8C28B068 30323000
00209263 00000045
00000000 40000000
88170B01 00000010
0428B068 31323000
00209263 00000000
00000000 40000000
